M <- 11
P <- 1
P_partial_macro <- 1
P_partial_micro <- 1
N0 <- 6
N <- 
c(75, 100, 81, 87, 83, 89, 72, 82, 74, 81, 82)
N2 <- 126
deaths <- 
structure(c(0, 0, 0, 0, 0, 0, 0, 0, 0, 0, 0, 0, 0,
0, 0, 0, 0, 0, 0, 0, 0, 0, 0, 0, 1, 0, 3, 0, 2, 3,
4, 0, 11, 8, 2, 7, 11, 13, 7, 5, 13, 14, 19, 16, 22,
18, 8, 16, 15, 19, 10, 13, 13, 12, 14, 10, 12, 15,
10, 9, 9, 6, 14, 10, 9, 15, 4, 5, 7, 9, 9, 10, 11,
8, 9, -1, -1, -1, -1, -1, -1, -1, -1, -1, -1, -1,
-1, -1, -1, -1, -1, -1, -1, -1, -1, -1, -1, -1, -1,
-1, -1, -1, -1, -1, -1, -1, -1, -1, -1, -1, -1, -1,
-1, -1, -1, -1, -1, -1, -1, -1, -1, -1, -1, -1, -1,
-1, 0, 0, 0, 0, 0, 0, 0, 0, 0, 0, 0, 0, 0, 0, 0, 0,
0, 0, 0, 0, 0, 0, 0, 0, 0, 0, 0, 2, 0, 4, 5, 1, 5,
4, 8, 6, 17, 28, 27, 41, 49, 36, 133, 98, 167, 196,
189, 252, 173, 370, 347, 347, 473, 429, 625, 795,
649, 601, 743, 685, 660, 971, 887, 758, 810, 839,
727, 760, 764, 681, 527, 636, 604, 540, 612, 570,
619, 431, 564, 604, 578, 525, 575, 480, 433, 454,
534, 437, 464, 420, 415, 260, 333, 382, 323, 285,
269, 474, 174, 195, -1, -1, -1, -1, -1, -1, -1, -1,
-1, -1, -1, -1, -1, -1, -1, -1, -1, -1, -1, -1, -1,
-1, -1, -1, -1, -1, 0, 0, 0, 0, 0, 0, 0, 0, 0, 0, 0,
0, 0, 0, 0, 0, 0, 0, 0, 0, 0, 0, 0, 0, 2, 0, 1, 2,
0, 3, 4, 1, 0, 0, 30, 2, 22, 27, 32, 23, 49, 55, 72,
64, 66, 128, 149, 140, 145, 141, 184, 92, 173, 254,
246, 266, 171, 129, 126, 170, 285, 315, 299, 242,
184, 110, 194, 281, 215, 227, 179, 140, 110, 163,
202, 173, 193, 94, 74, 43, 139, -1, -1, -1, -1, -1,
-1, -1, -1, -1, -1, -1, -1, -1, -1, -1, -1, -1, -1,
-1, -1, -1, -1, -1, -1, -1, -1, -1, -1, -1, -1, -1,
-1, -1, -1, -1, -1, -1, -1, -1, -1, -1, -1, -1, -1,
-1, 0, 0, 0, 0, 0, 0, 0, 0, 0, 0, 0, 0, 0, 0, 0, 0,
0, 0, 0, 0, 0, 0, 0, 0, 0, 1, 2, 2, 0, 0, 23, 7, 12,
37, 37, 15, 152, 21, 182, 107, 169, 235, 324, 394,
462, 514, 738, 655, 769, 832, 838, 812, 849, 864,
950, 932, 809, 674, 637, 743, 757, 683, 605, 510,
619, 517, 787, 617, 585, 565, 410, 399, 430, 435,
440, 367, 378, 288, 0, 632, 453, 268, 281, 276, 164,
164, 185, -1, -1, -1, -1, -1, -1, -1, -1, -1, -1,
-1, -1, -1, -1, -1, -1, -1, -1, -1, -1, -1, -1, -1,
-1, -1, -1, -1, -1, -1, -1, -1, -1, -1, -1, -1, -1,
-1, -1, -1, 0, 0, 0, 0, 0, 0, 0, 0, 0, 0, 0, 0, 0,
0, 0, 0, 0, 0, 0, 0, 0, 0, 0, 1, 1, 0, 1, 4, 0, 2,
1, 19, 14, 22, 17, 34, 46, 32, 58, 36, 76, 148, 191,
181, 288, 292, 212, 374, 403, 672, 657, 736, 756,
599, 567, 1105, 1030, 1116, 1122, 843, 657, 724,
1076, 880, 1036, 913, 1105, 432, 570, 1224, 847,
682, 1010, 815, 364, 320, 969, 769, 634, 698, 584,
253, 272, -1, -1, -1, -1, -1, -1, -1, -1, -1, -1,
-1, -1, -1, -1, -1, -1, -1, -1, -1, -1, -1, -1, -1,
-1, -1, -1, -1, -1, -1, -1, -1, -1, -1, -1, -1, -1,
-1, -1, -1, -1, -1, -1, -1, 0, 0, 0, 0, 0, 0, 0, 0,
1, 0, 0, 0, 0, 0, 0, 0, 0, 0, 0, 0, 1, 0, 0, 0, 0,
1, 1, 0, 3, 2, 1, 9, 11, 3, 15, 13, 18, 12, 36, 21,
27, 69, 128, 78, 112, 112, 186, 240, 231, 365, 299,
319, 292, 418, 499, 509, 471, 2004, 1053, 518, 833,
1417, 541, 1341, 987, 635, 561, 574, 762, 1438, 753,
761, 642, 395, 547, 531, 544, 516, 389, 369, 242,
437, 367, 427, 289, 218, 166, 135, 306, -1, -1, -1,
-1, -1, -1, -1, -1, -1, -1, -1, -1, -1, -1, -1, -1,
-1, -1, -1, -1, -1, -1, -1, -1, -1, -1, -1, -1, -1,
-1, -1, -1, -1, -1, -1, -1, -1, 0, 0, 0, 0, 0, 0, 0,
0, 0, 0, 0, 0, 0, 0, 0, 0, 0, 0, 1, 0, 0, 0, 2, 0,
0, 3, 1, 0, 0, 1, 2, 2, 2, 2, 4, 2, 4, 2, 4, 10, 2,
6, 8, 1, 10, 11, 8, 4, 6, 5, 11, 13, 3, 6, 0, 12, 6,
0, 9, 6, 11, 11, 2, 0, 0, 2, 7, 2, 0, 0, 4, 0, -1,
-1, -1, -1, -1, -1, -1, -1, -1, -1, -1, -1, -1, -1,
-1, -1, -1, -1, -1, -1, -1, -1, -1, -1, -1, -1, -1,
-1, -1, -1, -1, -1, -1, -1, -1, -1, -1, -1, -1, -1,
-1, -1, -1, -1, -1, -1, -1, -1, -1, -1, -1, -1, -1,
-1, 0, 0, 0, 0, 0, 0, 0, 0, 0, 0, 0, 0, 0, 0, 0, 0,
0, 0, 0, 0, 0, 0, 0, 0, 0, 0, 1, 3, 1, 3, 5, 6, 11,
10, 22, 33, 35, 40, 47, 78, 76, 107, 102, 128, 141,
149, 170, 208, 232, 219, 236, 270, 246, 257, 277,
321, 271, 302, 285, 265, 277, 261, 280, 246, 205,
208, 190, 206, 203, 181, 156, 155, 142, 154, 135,
110, 107, 87, 93, 75, 94, 95, -1, -1, -1, -1, -1,
-1, -1, -1, -1, -1, -1, -1, -1, -1, -1, -1, -1, -1,
-1, -1, -1, -1, -1, -1, -1, -1, -1, -1, -1, -1, -1,
-1, -1, -1, -1, -1, -1, -1, -1, -1, -1, -1, -1, -1,
0, 0, 0, 0, 0, 0, 0, 0, 0, 0, 0, 0, 0, 0, 0, 0, 0,
0, 0, 0, 1, 0, 0, 0, 2, 0, 1, 2, 0, 2, 8, 9, 5, 4,
18, 16, 0, 18, 22, 20, 18, 12, 10, 18, 18, 16, 23,
30, 22, 24, 18, 13, 18, 16, 9, 17, 21, 12, 9, 10, 1,
31, 14, 5, 23, 6, 7, 20, 11, 4, 5, 7, 2, 2, -1, -1,
-1, -1, -1, -1, -1, -1, -1, -1, -1, -1, -1, -1, -1,
-1, -1, -1, -1, -1, -1, -1, -1, -1, -1, -1, -1, -1,
-1, -1, -1, -1, -1, -1, -1, -1, -1, -1, -1, -1, -1,
-1, -1, -1, -1, -1, -1, -1, -1, -1, -1, -1, 0, 0, 0,
0, 0, 0, 0, 0, 0, 0, 0, 0, 0, 0, 0, 0, 0, 0, 0, 0,
0, 0, 0, 0, 0, 0, 6, 0, 1, 1, 2, 2, 1, 6, 7, 9, 8,
11, 11, 21, 22, 31, 32, 35, 38, 45, 48, 53, 70, 80,
70, 85, 90, 84, 115, 86, 90, 103, 97, 85, 91, 115,
111, 82, 86, 88, 84, 62, 77, 86, 89, 73, 75, 73, 82,
84, 78, 78, 73, 75, 84, -1, -1, -1, -1, -1, -1, -1,
-1, -1, -1, -1, -1, -1, -1, -1, -1, -1, -1, -1, -1,
-1, -1, -1, -1, -1, -1, -1, -1, -1, -1, -1, -1, -1,
-1, -1, -1, -1, -1, -1, -1, -1, -1, -1, -1, -1, 0,
0, 0, 0, 0, 0, 0, 0, 0, 0, 0, 0, 0, 0, 0, 0, 0, 0,
0, 0, 0, 1, 0, 0, 1, 0, 1, 1, 0, 3, 4, 2, 1, 5, 6,
8, 10, 13, 4, 6, 20, 17, 58, 36, 38, 22, 38, 78, 5,
54, 52, 56, 19, 25, 57, 64, 51, 49, 26, 27, 0, 42,
73, 43, 42, 52, 24, 7, 45, 30, 51, 41, 20, 8, 16,
27, 28, 15, 12, 32, 6, 4, -1, -1, -1, -1, -1, -1,
-1, -1, -1, -1, -1, -1, -1, -1, -1, -1, -1, -1, -1,
-1, -1, -1, -1, -1, -1, -1, -1, -1, -1, -1, -1, -1,
-1, -1, -1, -1, -1, -1, -1, -1, -1, -1, -1, -1),
.Dim = c(126, 11))
